1.000010	0.000000	
0.989900	0.010100	
0.979800	0.020200	
0.969699	0.030301	
0.959599	0.040401	
0.949498	0.050502	
0.939397	0.060603	
0.929297	0.070703	
0.919196	0.080804	
0.909095	0.090905	
0.898994	0.101006	
0.888893	0.111107	
0.878793	0.121207	
0.868692	0.131308	
0.858591	0.141409	
0.848490	0.151510	
0.838389	0.161611	
0.828288	0.171712	
0.818187	0.181813	
0.808086	0.191914	
0.797985	0.202015	
0.787884	0.212116	
0.777783	0.222217	
0.767682	0.232318	
0.757581	0.242419	
0.747480	0.252520	
0.737379	0.262621	
0.727278	0.272722	
0.717177	0.282823	
0.707075	0.292925	
0.696974	0.303026	
0.686873	0.313127	
0.676772	0.323228	
0.666671	0.333329	
0.656570	0.343430	
0.646469	0.353531	
0.636367	0.363633	
0.626266	0.373734	
0.616165	0.383835	
0.606064	0.393936	
0.595963	0.404037	
0.585862	0.414138	
0.575760	0.424240	
0.565659	0.434341	
0.555558	0.444442	
0.545457	0.454543	
0.535356	0.464644	
0.525254	0.474746	
0.515153	0.484847	
0.505052	0.494948	
0.494951	0.505049	
0.484849	0.515151	
0.474748	0.525252	
0.464647	0.535353	
0.454546	0.545454	
0.444444	0.555556	
0.434343	0.565657	
0.424242	0.575758	
0.414141	0.585859	
0.404039	0.595961	
0.393938	0.606062	
0.383837	0.616163	
0.373736	0.626264	
0.363634	0.636366	
0.353533	0.646467	
0.343432	0.656568	
0.333331	0.666669	
0.323230	0.676770	
0.313128	0.686872	
0.303027	0.696973	
0.292926	0.707074	
0.282825	0.717175	
0.272724	0.727276	
0.262623	0.737377	
0.252522	0.747478	
0.242420	0.757580	
0.232319	0.767681	
0.222218	0.777782	
0.212117	0.787883	
0.202016	0.797984	
0.191915	0.808085	
0.181814	0.818186	
0.171713	0.828287	
0.161612	0.838388	
0.151511	0.848489	
0.141410	0.858590	
0.131309	0.868691	
0.121208	0.878792	
0.111107	0.888893	
0.101006	0.898994	
0.090905	0.909095	
0.080805	0.919195	
0.070704	0.929296	
0.060603	0.939397	
0.050502	0.949498	
0.040402	0.959598	
0.030301	0.969699	
0.020200	0.979800	
0.010100	0.989900	
0.000000	1.000010	
0.450000	0.550000	
